s0 = 5;
n0 = 0;
mu0 = 0;
vx0 = 5;
vy0 =0;
r0 = 0;
str0 = 0;
T0 = 1;